5 0.551044 0.568500 0.093736 0.196230
5 0.581250 0.281485 0.145787 0.155528
5 0.759374 0.218522 0.077073 0.140714
5 0.681260 0.172216 0.079139 0.092559
5 0.522915 0.785232 0.062487 0.133196
5 0.394792 0.850010 0.102071 0.174011
5 0.610421 0.701857 0.066650 0.107375
5 0.626042 0.527760 0.047872 0.070290
5 0.744797 0.544444 0.064565 0.103685
5 0.760423 0.803702 0.112467 0.185164
5 0.881276 0.612961 0.058256 0.151827
5 0.842712 0.079607 0.143732 0.151781
5 0.922926 0.264816 0.108305 0.225906
11 0.426050 0.487033 0.281220 0.529587
